mk_(6900,[mk_(0,1,100),
        mk_(0,2,800),
        mk_(0,3,200),
        mk_(600,1,200),
        mk_(600,2,400),
        mk_(600,3,700),
        mk_(1200,1,800),
        mk_(1200,2,300),
        mk_(1200,3,400),
        mk_(1500,1,900),
        mk_(1500,2,800),
        mk_(1500,3,200),
        mk_(1800,1,600),
        mk_(1800,2,400),
        mk_(1800,3,300),
        mk_(2400,1,900),
        mk_(2400,2,300),
        mk_(2400,3,200),
        mk_(3000,1,500),
        mk_(3000,2,300),
        mk_(3000,3,200)])
