mk_(7900,[mk_(0,1,100),
        mk_(0,2,200),
        mk_(0,3,300),
        mk_(0,4,400),
        mk_(100,1,500),
        mk_(100,2,100),
        mk_(100,3,100),
        mk_(100,4,100),
        mk_(200,1,200),
        mk_(300,2,700),
        mk_(400,3,400),
        mk_(600,4,200),
        mk_(600,1,300),
        mk_(600,2,800),
        mk_(700,3,500),
        mk_(800,4,100),
        mk_(900,1,200),
        mk_(1000,2,300),
        mk_(1100,3,100),
        mk_(1200,4,200),
        mk_(1300,1,600),
        mk_(1400,2,100),
        mk_(1500,3,200),
        mk_(1600,4,300),
        mk_(1700,1,100),
        mk_(1800,2,200)]) 
