mk_(440000,[mk_(0,1,100),
        mk_(0,2,200),
        mk_(0,3,300),
        mk_(10,1,400),
        mk_(10,2,500),
        mk_(10,3,100),
        mk_(20,1,200),
        mk_(20,2,300),
        mk_(20,3,400),
        mk_(60,1,500),
        mk_(60,2,100),
        mk_(60,3,200),
        mk_(90,1,300),
        mk_(90,2,400),
        mk_(90,3,500),
        mk_(100,1,100),
        mk_(100,2,200),
        mk_(100,3,300),
        mk_(150,1,100),
        mk_(150,2,200),
        mk_(150,3,300),
        mk_(200,1,100),
        mk_(200,2,200),
        mk_(200,3,300)])
mk_(440000,[mk_(0,1,100),
        mk_(0,2,200),
        mk_(0,3,300),
        mk_(1,1,400),
        mk_(1,2,500),
        mk_(1,3,100),
        mk_(2,1,200),
        mk_(2,2,300),
        mk_(2,3,400),
        mk_(3,1,500),
        mk_(3,2,100),
        mk_(3,3,200),
        mk_(4,1,300),
        mk_(4,2,400),
        mk_(4,3,500),
        mk_(5,1,100),
        mk_(5,2,200),
        mk_(5,3,300),
        mk_(6,1,100),
        mk_(6,2,200),
        mk_(6,3,300),
        mk_(7,1,100),
        mk_(7,2,200),
        mk_(7,3,300)])
mk_(15000,[mk_(3,1,100),
        mk_(3,2,200),
        mk_(3,3,300)])
        