mk_(6900,[mk_(100,1,100),
        mk_(200,2,200),
        mk_(300,3,300),
        mk_(400,4,400),
        mk_(500,1,500),
        mk_(600,2,100),
        mk_(700,3,600),
        mk_(800,4,100),
        mk_(900,1,200),
        mk_(1000,2,500),
        mk_(1100,3,400),
        mk_(1200,4,200),
        mk_(1300,1,300),
        mk_(1400,2,400),
        mk_(1500,3,500),
        mk_(1600,4,100),
        mk_(1700,1,200),
        mk_(1800,2,300),
        mk_(1900,3,100),
        mk_(2000,4,200),
        mk_(2100,1,500),
        mk_(2200,2,100),
        mk_(2300,3,200),
        mk_(2400,4,300),
        mk_(2500,1,100),
        mk_(2600,2,200)]) 
