mk_(7200,[mk_(40,1,100),
        mk_(70,2,200),
        mk_(100,3,300),
        mk_(200,1,400),
        mk_(210,2,500),
        mk_(220,3,100),
        mk_(410,1,200),
        mk_(420,2,300),
        mk_(430,3,400),
        mk_(600,1,500),
        mk_(600,2,100),
        mk_(600,3,200),
        mk_(700,1,300),
        mk_(700,2,400),
        mk_(700,3,500),
        mk_(800,1,100),
        mk_(800,2,200),
        mk_(800,3,300),
        mk_(900,1,100),
        mk_(900,2,200),
        mk_(900,3,300),
        mk_(1000,1,100),
        mk_(1100,2,200),
        mk_(1100,3,300)])
