mk_(7900,[mk_(0,1,100),
        mk_(0,2,200),
        mk_(0,3,300),
        mk_(100,1,400),
        mk_(100,2,500),
        mk_(100,3,100),
        mk_(200,1,200),
        mk_(300,2,700),
        mk_(400,3,400),
        mk_(600,1,200),
        mk_(600,2,300),
        mk_(600,3,800),
        mk_(700,1,500),
        mk_(800,2,100),
        mk_(900,3,200),
        mk_(1000,1,300),
        mk_(1100,2,100),
        mk_(1200,3,200),
        mk_(1300,1,600),
        mk_(1400,2,100),
        mk_(1500,3,200),
        mk_(1600,1,300),
        mk_(1700,2,100),
        mk_(1800,3,200)]) 
