mk_(7500,[mk_(40,1,100),
        mk_(70,2,200),
        mk_(100,3,300),
        mk_(300,1,400),
        mk_(310,2,500),
        mk_(320,3,100),
        mk_(310,1,200),
        mk_(620,2,300),
        mk_(630,3,400),
        mk_(900,1,500),
        mk_(900,2,100),
        mk_(900,3,200),
        mk_(1200,1,300),
        mk_(1200,2,400),
        mk_(1200,3,500),
        mk_(1500,1,100),
        mk_(1500,2,200),
        mk_(1500,3,300),
        mk_(1800,1,100),
        mk_(1800,2,200),
        mk_(1800,3,300),
        mk_(2100,1,100),
        mk_(2100,2,200),
        mk_(2100,3,300)])
