mk_(440000,[mk_(0,1,100),
        mk_(0,2,200),
        mk_(0,3,300),
        mk_(10,1,400),
        mk_(10,2,500),
        mk_(10,3,100),
        mk_(20,1,200),
        mk_(20,2,300),
        mk_(20,3,400),
        mk_(60,1,500),
        mk_(60,2,100),
        mk_(60,3,200),
        mk_(90,1,300),
        mk_(90,2,400),
        mk_(90,3,500),
        mk_(100,1,100),
        mk_(100,2,200),
        mk_(100,3,300),
        mk_(150,1,100),
        mk_(150,2,200),
        mk_(150,3,300),
        mk_(200,1,100),
        mk_(200,2,200),
        mk_(200,3,300)])